100
350 404
280 531
327 567
249 369
377 4
43 798
884 71
854 94
59 899
308 399
831 128
906 34
864 19
518 153
793 135
686 97
387 428
855 126
658 252
391 502
567 245
274 437
266 303
339 159
579 61
874 75
850 28
319 670
419 223
234 284
350 204
375 46
495 312
61 352
141 589
433 59
597 75
651 144
292 552
397 189
577 149
250 143
210 538
37 880
396 201
960 14
505 330
806 150
861 88
481 232
422 486
700 2
665 179
628 313
233 347
585 223
197 153
763 41
430 152
330 544
346 500
812 80
608 268
812 18
380 24
265 504
61 916
859 109
968 3
803 160
737 196
17 581
513 430
485 489
870 34
275 573
754 179
642 275
412 300
561 289
974 16
670 17
301 151
82 852
916 34
29 798
835 44
235 411
526 339
891 14
878 107
183 573
676 4
845 90
571 311
140 795
178 84
590 20
841 33
66 507
