5213 53413 15120 14435 4618 5344
1280 85485 15660 14993 3044 2394
4893 87036 6490 10021 10808 10688
7464 13911 9015 10963 6345 9697
9763 56756 9740 9425 6200 9403
5293 26689 4376 5717 11749 10322
5758 76419 17453 17512 17727 11361
1395 3486 15634 16305 9818 1942
6041 14547 15707 9627 15100 534
3588 88087 7414 9397 1044 419
4350 2999 5121 2722 3815 7887
7113 1267 9923 9853 3084 11589
6431 17578 1200 18007 10055 10772
952 9834 16754 4225 8628 756
2999 51460 6029 8820 12340 771
7338 89377 12163 5140 12906 10456
8591 54817 5652 7475 19028 10689
2617 76120 8218 16720 1129 9875
9741 49632 8534 16980 8575 11084
8954 43725 1214 13770 13971 7906
7895 57087 14405 4408 3636 9572
2636 66177 16269 6084 17020 2875
8838 87866 5431 14997 13381 6680
7545 64673 7999 10704 3335 6261
1763 65563 14345 7599 10977 1954
3579 8516 6808 16248 16218 3333
7118 5356 3051 4675 10150 11575
5214 37825 11859 8716 1859 1631
2593 52405 10597 12750 11152 7682
2100 59141 15061 12542 5056 3515
1190 73349 2130 15028 5042 4291
5408 96088 7281 17177 11022 2958
7217 34576 19663 16257 15700 11389
3535 63904 273 11319 9713 6950
8721 91664 8281 11081 13022 7620
6089 58684 13595 18087 6750 6855
2264 52180 17178 2739 14374 8052
6467 63869 2636 16284 14017 2273
2479 14947 17556 1361 18866 8422
7546 19118 11790 4822 10366 12675
4426 61692 2417 6968 1102 166
8613 73828 3957 10827 4991 4152
1104 44147 5450 4428 11770 8907
3496 56658 7058 7296 6361 6547
2086 91741 7757 11667 273 6881
5576 15970 8269 12296 10682 4686
7508 46344 3808 446 11761 6516
4599 57118 5044 11975 17591 5198
9435 27740 8195 11226 13570 4521
747 43689 13508 12880 3739 1398
745 67479 1546 16730 11131 1385
8929 4575 15345 16186 3335 8317
8785 52884 19282 263 16203 11215
4766 62585 4641 11959 1387 1526
7120 44144 497 4045 10328 3125
4689 8706 168 3803 6779 9088
7933 11981 12465 10239 11932 11377
7218 19548 16136 14495 4419 11824
826 17766 17617 89 17162 4532
7483 43721 15400 12150 8378 4772
3346 56078 15749 11685 2212 6189
6342 97648 14081 14154 12716 66
4468 81468 7923 11352 16039 2634
4308 3269 11230 6672 8238 10758
4492 69669 11052 12691 10862 10393
8363 58466 12447 16814 3140 1556
5398 82703 12361 10071 6620 12138
6962 70177 5110 8828 18817 2707
1805 9922 15711 5806 658 1165
8170 58774 10162 17855 14730 9636
5617 47014 9325 8050 17949 11615
875 46250 12789 14996 15639 6676
1288 10452 9927 12675 5603 11883
5569 22140 7829 4703 8527 9856
8355 60390 14499 8427 8196 6483
8257 23213 10278 17074 12162 1475
574 84536 6222 13038 16501 12454
8209 98651 14278 1878 2943 6052
5540 2204 9725 15140 2245 4357
7067 35365 8141 15770 7432 7300
9786 87987 1349 5628 14357 7526
3963 47897 751 17162 14412 7221
7909 74807 10005 15097 11425 12881
8119 4861 15418 941 15805 3384
1010 53913 15026 13575 12027 7898
2442 56785 9004 15089 11638 11067
8937 25248 12604 6402 5450 3699
234 30507 18324 16396 4449 2466
3585 39202 7912 15312 13078 5375
3317 72025 8423 3988 14084 9834
8826 95428 18870 1654 8659 972
4229 59642 12244 7551 11429 8555
9365 32672 2352 542 8477 312
5203 61592 14003 6327 2112 4628
791 77801 6508 8301 8698 8683
343 18146 8573 14388 11090 7325
3739 57507 3427 3023 3740 7009
4442 69211 13121 6395 16241 987
7676 79137 11265 1766 17185 3283
7438 83808 12101 9913 8702 12591
