5 14
1 1 13 10 4
19 19
8 15 18 9 5 8 6 9 3 10 8 9 9 16 19 2 1 6 6
28 19
1 19 4 6 11 15 2 10 11 11 18 17 10 13 2 10 11 15 6 1 3 11 5 9 16 8 3 17
18 19
12 12 14 17 14 11 17 9 3 8 6 13 16 13 13 13 6 5
20 17
17 9 7 4 3 1 11 10 1 2 2 3 11 9 7 4 11 10 16 2
6 29
15 22 15 26 18 9
8 21
10 7 16 11 5 10 2 5
2 19
10 6
30 1
1 1 1 1 1 1 1 1 1 1 1 1 1 1 1 1 1 1 1 1 1 1 1 1 1 1 1 1 1 1
12 20
6 20 11 16 13 7 4 7 18 8 8 13
27 4
2 3 4 2 1 1 4 2 2 2 2 2 4 1 3 4 2 1 2 1 1 2 4 4 4 2 2
4 24
10 16 3 2
20 27
24 24 22 14 14 11 21 19 19 18 13 16 17 24 6 10 6 1 14 3
27 18
14 4 14 6 15 18 10 18 12 15 9 4 4 6 2 15 2 15 14 14 9 4 9 1 4 13 18
18 2
1 2 2 1 1 1 2 1 1 2 1 2 1 1 1 1 2 1
26 3
3 3 2 2 2 3 2 1 1 1 2 1 1 2 1 3 2 2 1 1 3 2 3 2 2 3
12 9
1 1 1 7 2 6 5 6 3 9 8 3
13 6
6 2 3 4 1 5 1 6 6 5 6 4 2
16 7
5 2 5 2 3 5 6 5 3 4 4 6 3 3 4 7
30 2
1 2 2 2 1 2 2 2 1 1 2 2 1 2 2 1 1 2 1 1 2 2 1 1 2 2 1 1 1 1
14 28
4 4 8 16 4 27 8 18 27 4 26 8 15 2
6 4
2 2 3 1 3 3
24 24
13 5 18 18 22 10 2 24 11 20 15 12 13 18 20 8 4 19 21 20 18 6 14 5
16 14
11 1 8 6 2 7 7 14 8 2 8 7 6 8 12 3
30 10
2 6 5 8 8 9 1 6 9 1 9 1 9 9 10 8 7 1 1 2 9 9 6 6 9 6 2 9 9 7
4 3
2 2 2 3
17 5
4 3 3 4 3 2 2 4 4 1 4 5 1 5 3 1 4
30 11
5 10 2 2 10 9 6 8 6 5 6 10 10 10 8 2 9 4 2 10 2 9 9 8 6 8 4 3 10 8
7 18
17 18 1 17 18 18 7
2 2
2 2
14 21
2 14 7 6 15 2 16 11 17 4 12 11 12 21
7 6
5 5 1 5 6 6 6
16 30
28 5 19 25 19 25 21 22 8 1 3 3 14 24 7 20
18 20
12 4 1 17 11 18 14 14 10 6 13 8 4 15 14 19 5 18
4 15
10 7 6 3
2 7
7 4
30 6
1 6 3 1 5 5 6 5 4 1 5 1 6 2 1 2 3 6 1 6 6 2 5 6 5 2 2 2 1 5
2 20
14 5
4 28
20 3 24 16
10 4
3 4 4 1 4 1 3 1 1 3
24 8
5 5 7 6 6 2 4 1 5 3 7 6 8 6 3 3 2 2 4 5 3 2 2 3
7 18
2 4 18 8 1 16 5
5 19
18 7 4 8 4
30 28
9 9 21 26 3 13 27 28 3 7 9 8 8 3 17 20 20 5 17 23 12 21 20 14 26 4 25 1 2 10
18 14
3 9 4 11 5 1 6 14 14 4 8 2 7 11 7 4 10 2
19 13
11 10 2 11 7 12 3 4 13 4 3 2 12 3 9 3 11 6 7
23 4
3 1 3 4 3 2 1 4 4 1 3 4 4 2 1 1 4 1 3 2 2 1 2
21 14
12 6 1 5 14 3 10 9 13 3 3 4 7 6 5 14 3 2 1 3 6
21 3
1 3 3 3 3 1 3 3 2 3 3 2 3 3 1 1 2 3 2 3 3
14 23
19 7 3 14 1 4 7 19 21 14 16 11 2 22
0 0
