
1 : 
9 

2 : 
16 

3 : 
64 

4 : 
81 

5 : 
196 
196

1 : 
9 

2 : 
16 10 

3 : 
64 34 32 26 

4 : 
81 65 45 41 35 35 

5 : 
196 130 116 110 106 100 
100

1 : 
4096576 

2 : 
4120900 4096612 

3 : 
4239481 4121741 4097801 4097453 

4 : 
4297329 4239677 4122749 4121937 4098977 4098461 4097997 4097649 

5 : 
4297329 4297329 4239677 4239677 4122749 4122749 4121937 4121937 4098977 4098977 4098461 4098461 4097997 4097997 4097649 4097649 

6 : 
4297618 4297618 4297618 4239966 4239966 4239966 4239490 4227136 4123038 4123038 4123038 4122226 4122226 4122226 4121750 4121576 4099266 4099266 4099266 4098750 4098750 4098750 4098286 4098286 4098286 4097938 4097938 4097938 4097810 4097600 4097462 4097288 

7 : 
4297618 4297618 4297618 4297618 4297618 4297618 4239966 4239966 4239966 4239966 4239966 4239966 4239490 4239490 4227136 4227136 4123038 4123038 4123038 4123038 4123038 4123038 4122226 4122226 4122226 4122226 4122226 4122226 4121750 4121750 4121576 4121576 4099266 4099266 4099266 4099266 4099266 4099266 4098750 4098750 4098750 4098750 4098750 4098750 4098286 4098286 4098286 4098286 4098286 4098286 4097938 4097938 4097938 4097938 4097938 4097938 4097810 4097810 4097600 4097600 4097462 4097462 4097288 4097288 

8 : 
16646400 8394194 8394194 8394194 8394194 8394194 8394194 8394194 8394194 8394194 8336542 8336542 8336542 8336542 8336542 8336542 8336542 8336542 8336542 8336066 8336066 8336066 8325378 8325378 8325378 8323922 8323712 8323712 8323712 8323712 8323400 8299112 8267726 8267726 8267726 8219614 8219614 8219614 8219614 8219614 8219614 8219614 8219614 8219614 8218802 8218802 8218802 8218802 8218802 8218802 8218802 8218802 8218802 8218326 8218326 8218326 8218152 8218152 8218152 8206182 8195842 8195842 8195842 8195842 8195842 8195842 8195842 8195842 8195842 8195326 8195326 8195326 8195326 8195326 8195326 8195326 8195326 8195326 8194862 8194862 8194862 8194862 8194862 8194862 8194862 8194862 8194862 8194514 8194514 8194514 8194514 8194514 8194514 8194514 8194514 8194514 8194386 8194386 8194386 8194176 8194176 8194176 8194038 8194038 8194038 8193864 8193864 8193864 8182242 8181894 8150798 8150798 8150798 8149986 8149986 8149986 8127026 8127026 8127026 8126510 8126510 8126510 8126046 8126046 8126046 8125698 8125698 8125698 

9 : 
16703569 16646449 8422579 8422579 8422579 8422579 8422579 8422579 8422579 8422579 8422579 8394243 8394243 8394243 8394243 8394243 8394243 8394243 8394243 8394243 8364927 8364927 8364927 8364927 8364927 8364927 8364927 8364927 8364927 8364451 8364451 8364451 8353525 8353525 8353525 8352545 8352265 8352149 8352097 8352097 8352097 8336591 8336591 8336591 8336591 8336591 8336591 8336591 8336591 8336591 8336115 8336115 8336115 8327861 8325427 8325427 8325427 8323971 8323761 8323761 8323761 8323761 8323449 8299161 8295873 8295873 8295873 8267775 8267775 8267775 8247999 8247999 8247999 8247999 8247999 8247999 8247999 8247999 8247999 8247187 8247187 8247187 8247187 8247187 8247187 8247187 8247187 8247187 8246711 8246711 8246711 8246537 8246537 8246537 8234525 8224227 8224227 8224227 8224227 8224227 8224227 8224227 8224227 8224227 8223711 8223711 8223711 8223711 8223711 8223711 8223711 8223711 8223711 8223247 8223247 8223247 8223247 8223247 8223247 8223247 8223247 8223247 8222899 8222899 8222899 8222899 8222899 8222899 8222899 8222899 8222899 8222771 8222771 8222771 8222561 8222561 8222561 8222423 8222423 8222423 8222249 8222249 8222249 8219663 8219663 8219663 8219663 8219663 8219663 8219663 8219663 8219663 8218851 8218851 8218851 8218851 8218851 8218851 8218851 8218851 8218851 8218375 8218375 8218375 8218201 8218201 8218201 8210585 8210237 8206231 8195891 8195891 8195891 8195891 8195891 8195891 8195891 8195891 8195891 8195375 8195375 8195375 8195375 8195375 8195375 8195375 8195375 8195375 8194911 8194911 8194911 8194911 8194911 8194911 8194911 8194911 8194911 8194563 8194563 8194563 8194563 8194563 8194563 8194563 8194563 8194563 8194435 8194435 8194435 8194225 8194225 8194225 8194087 8194087 8194087 8193913 8193913 8193913 8182291 8181943 8178945 8178945 8178945 8178133 8178133 8178133 8155173 8155173 8155173 8154657 8154657 8154657 8154193 8154193 8154193 8153845 8153845 8153845 8150847 8150847 8150847 8150035 8150035 8150035 8127075 8127075 8127075 8126559 8126559 8126559 8126095 8126095 8126095 8125747 8125747 

10 : 
16744464 16703594 16646544 16646474 8442914 8442914 8442914 8442914 8442914 8442914 8442914 8442914 8442914 8422604 8422604 8422604 8422604 8422604 8422604 8422604 8422604 8422604 8394338 8394338 8394338 8394338 8394338 8394338 8394338 8394338 8394338 8394268 8394268 8394268 8394268 8394268 8394268 8394268 8394268 8394268 8385262 8385262 8385262 8385262 8385262 8385262 8385262 8385262 8385262 8384786 8384786 8384786 8373690 8373690 8373690 8373200 8372744 8372570 8372432 8372432 8372432 8364952 8364952 8364952 8364952 8364952 8364952 8364952 8364952 8364952 8364476 8364476 8364476 8353550 8353550 8353550 8352570 8352290 8352174 8352122 8352122 8352122 8348456 8336686 8336686 8336686 8336686 8336686 8336686 8336686 8336686 8336686 8336616 8336616 8336616 8336616 8336616 8336616 8336616 8336616 8336616 8336210 8336210 8336210 8336140 8336140 8336140 8327886 8325522 8325522 8325522 8325452 8325452 8325452 8324066 8323996 8323856 8323856 8323856 8323856 8323786 8323786 8323786 8323786 8323544 8323474 8316038 8316038 8316038 8299256 8299186 8295898 8295898 8295898 8268334 8268334 8268334 8268334 8268334 8268334 8268334 8268334 8268334 8267870 8267870 8267870 8267800 8267800 8267800 8267522 8267522 8267522 8267522 8267522 8267522 8267522 8267522 8267522 8267046 8267046 8267046 8266872 8266872 8266872 8254830 8248024 8248024 8248024 8248024 8248024 8248024 8248024 8248024 8248024 8247212 8247212 8247212 8247212 8247212 8247212 8247212 8247212 8247212 8246736 8246736 8246736 8246562 8246562 8246562 8244562 8244562 8244562 8244562 8244562 8244562 8244562 8244562 8244562 8244046 8244046 8244046 8244046 8244046 8244046 8244046 8244046 8244046 8243582 8243582 8243582 8243582 8243582 8243582 8243582 8243582 8243582 8243234 8243234 8243234 8243234 8243234 8243234 8243234 8243234 8243234 8243106 8243106 8243106 8242896 8242896 8242896 8242758 8242758 8242758 8242584 8242584 8242584 8234550 8230890 8230542 8224252 8224252 8224252 8224252 8224252 8224252 8224252 8224252 8224252 8223736 8223736 8223736 8223736 8223736 8223736 

11 : 
16875664 16744720 16704010 16703850 16647184 16646890 16646800 16646730 8508322 8508322 8508322 8508322 8508322 8508322 8508322 8508322 8508322 8450670 8450670 8450670 8450670 8450670 8450670 8450670 8450670 8450670 8450194 8450194 8450194 8443170 8443170 8443170 8443170 8443170 8443170 8443170 8443170 8443170 8439632 8438984 8438554 8438554 8438554 8437882 8437840 8437840 8437840 8423020 8423020 8423020 8423020 8423020 8423020 8423020 8423020 8423020 8422860 8422860 8422860 8422860 8422860 8422860 8422860 8422860 8422860 8414696 8394978 8394978 8394978 8394978 8394978 8394978 8394978 8394978 8394978 8394684 8394684 8394684 8394684 8394684 8394684 8394684 8394684 8394684 8394594 8394594 8394594 8394594 8394594 8394594 8394594 8394594 8394594 8394524 8394524 8394524 8394524 8394524 8394524 8394524 8394524 8394524 8385518 8385518 8385518 8385518 8385518 8385518 8385518 8385518 8385518 8385042 8385042 8385042 8380902 8380902 8380902 8373946 8373946 8373946 8373456 8373000 8372826 8372688 8372688 8372688 8365368 8365368 8365368 8365368 8365368 8365368 8365368 8365368 8365368 8365208 8365208 8365208 8365208 8365208 8365208 8365208 8365208 8365208 8364892 8364892 8364892 8364732 8364732 8364732 8353966 8353966 8353966 8353806 8353806 8353806 8352986 8352826 8352706 8352590 8352546 8352538 8352538 8352538 8352430 8352378 8352378 8352378 8348712 8337326 8337326 8337326 8337326 8337326 8337326 8337326 8337326 8337326 8337032 8337032 8337032 8337032 8337032 8337032 8337032 8337032 8337032 8336942 8336942 8336942 8336942 8336942 8336942 8336942 8336942 8336942 8336872 8336872 8336872 8336872 8336872 8336872 8336872 8336872 8336872 8336850 8336850 8336850 8336556 8336556 8336556 8336466 8336466 8336466 8336396 8336396 8336396 8333742 8333742 8333742 8333742 8333742 8333742 8333742 8333742 8333742 8332930 8332930 8332930 8332930 8332930 8332930 8332930 8332930 8332930 8332454 8332454 8332454 8332280 8332280 8332280 8328302 8328142 8326162 8326162 8326162 8325868 8325868 8325868 8325778 8325778 8325778 8325708 8325708 8325708 

12 : 
17123044 16876564 16746580 16745620 16706170 16705710 16704910 16704750 16649764 16649050 16648660 16648590 16648084 16647790 16647700 16647630 8632342 8632342 8632342 8632342 8632342 8632342 8632342 8632342 8632342 8574690 8574690 8574690 8574690 8574690 8574690 8574690 8574690 8574690 8574214 8574214 8574214 8565572 8564564 8561860 8561860 8561860 8561722 8561554 8561554 8561554 8540276 8509222 8509222 8509222 8509222 8509222 8509222 8509222 8509222 8509222 8503902 8503902 8503902 8457762 8457762 8457762 8457762 8457762 8457762 8457762 8457762 8457762 8456950 8456950 8456950 8456950 8456950 8456950 8456950 8456950 8456950 8456474 8456474 8456474 8456300 8456300 8456300 8451570 8451570 8451570 8451570 8451570 8451570 8451570 8451570 8451570 8451094 8451094 8451094 8445030 8445030 8445030 8445030 8445030 8445030 8445030 8445030 8445030 8444070 8444070 8444070 8444070 8444070 8444070 8444070 8444070 8444070 8443982 8440532 8439884 8439454 8439454 8439454 8438782 8438740 8438740 8438740 8433990 8433990 8433990 8433990 8433990 8433990 8433990 8433990 8433990 8433474 8433474 8433474 8433474 8433474 8433474 8433474 8433474 8433474 8433010 8433010 8433010 8433010 8433010 8433010 8433010 8433010 8433010 8432662 8432662 8432662 8432662 8432662 8432662 8432662 8432662 8432662 8432534 8432534 8432534 8432324 8432324 8432324 8432186 8432186 8432186 8432012 8432012 8432012 8425180 8425180 8425180 8425180 8425180 8425180 8425180 8425180 8425180 8424720 8424720 8424720 8424720 8424720 8424720 8424720 8424720 8424720 8423920 8423920 8423920 8423920 8423920 8423920 8423920 8423920 8423920 8423760 8423760 8423760 8423760 8423760 8423760 8423760 8423760 8423760 8420042 8419694 8415596 8397558 8397558 8397558 8397558 8397558 8397558 8397558 8397558 8397558 8396844 8396844 8396844 8396844 8396844 8396844 8396844 8396844 8396844 8396454 8396454 8396454 8396454 8396454 8396454 8396454 8396454 8396454 8396384 8396384 8396384 8396384 8396384 8396384 8396384 8396384 8396384 8395878 8395878 8395878 8395878 8395878 8395878 8395878 8395878 8395878 

13 : 
17123405 16966161 16876925 16875785 16746941 16745981 16745193 16744841 16706531 16706071 16705271 16705111 16704593 16704323 16704131 16703971 16650125 16649411 16649021 16648951 16648445 16648151 16648061 16647991 16647921 16647473 16647305 16647273 16647203 16647011 16646921 16646851 8632703 8632703 8632703 8632703 8632703 8632703 8632703 8632703 8632703 8575051 8575051 8575051 8575051 8575051 8575051 8575051 8575051 8575051 8574575 8574575 8574575 8565933 8564925 8562221 8562221 8562221 8562083 8561915 8561915 8561915 8553587 8553587 8553587 8553587 8553587 8553587 8553587 8553587 8553587 8540637 8509583 8509583 8509583 8509583 8509583 8509583 8509583 8509583 8509583 8508443 8508443 8508443 8508443 8508443 8508443 8508443 8508443 8508443 8504263 8504263 8504263 8495935 8495935 8495935 8495935 8495935 8495935 8495935 8495935 8495935 8495459 8495459 8495459 8485601 8484821 8483445 8483445 8483445 8483105 8483105 8483105 8483081 8460533 8458123 8458123 8458123 8458123 8458123 8458123 8458123 8458123 8458123 8457311 8457311 8457311 8457311 8457311 8457311 8457311 8457311 8457311 8456835 8456835 8456835 8456661 8456661 8456661 8451931 8451931 8451931 8451931 8451931 8451931 8451931 8451931 8451931 8451455 8451455 8451455 8450791 8450791 8450791 8450791 8450791 8450791 8450791 8450791 8450791 8450315 8450315 8450315 8445391 8445391 8445391 8445391 8445391 8445391 8445391 8445391 8445391 8444431 8444431 8444431 8444431 8444431 8444431 8444431 8444431 8444431 8444343 8443643 8443643 8443643 8443643 8443643 8443643 8443643 8443643 8443643 8443291 8443291 8443291 8443291 8443291 8443291 8443291 8443291 8443291 8440893 8440245 8439815 8439815 8439815 8439753 8439143 8439105 8439101 8439101 8439101 8438675 8438675 8438675 8438003 8437961 8437961 8437961 8434351 8434351 8434351 8434351 8434351 8434351 8434351 8434351 8434351 8433835 8433835 8433835 8433835 8433835 8433835 8433835 8433835 8433835 8433371 8433371 8433371 8433371 8433371 8433371 8433371 8433371 8433371 8433023 8433023 8433023 8433023 8433023 8433023 8433023 8433023 8433023 8432895 

14 : 
17214201 17124305 17123165 16967061 16877825 16877345 16876685 16876685 16747841 16747713 16746881 16746701 16746401 16746093 16745741 16745741 16707431 16707413 16706971 16706843 16706291 16706171 16706011 16705831 16705691 16705531 16705493 16705223 16705031 16705031 16704871 16704871 16651161 16651025 16650311 16650293 16649921 16649885 16649851 16649793 16649723 16649345 16649171 16649051 16648961 16648891 16648865 16648821 16648781 16648711 16648571 16648481 16648411 16648373 16648205 16648205 16648173 16648103 16647911 16647911 16647821 16647821 16647751 16647751 8678267 8678267 8678267 8678267 8678267 8678267 8678267 8678267 8678267 8633603 8633603 8633603 8633603 8633603 8633603 8633603 8633603 8633603 8632463 8632463 8632463 8632463 8632463 8632463 8632463 8632463 8632463 8620615 8620615 8620615 8620615 8620615 8620615 8620615 8620615 8620615 8620139 8620139 8620139 8612201 8611061 8607785 8607785 8607785 8607581 8607105 8607105 8607105 8586773 8575951 8575951 8575951 8575951 8575951 8575951 8575951 8575951 8575951 8575475 8575475 8575475 8574811 8574811 8574811 8574811 8574811 8574811 8574811 8574811 8574811 8574335 8574335 8574335 8566833 8565825 8565693 8564685 8563121 8563121 8563121 8562983 8562815 8562815 8562815 8561981 8561981 8561981 8561843 8561675 8561675 8561675 8554487 8554487 8554487 8554487 8554487 8554487 8554487 8554487 8554487 8549453 8549453 8549453 8541537 8540397 8510483 8510483 8510483 8510483 8510483 8510483 8510483 8510483 8510483 8510003 8510003 8510003 8510003 8510003 8510003 8510003 8510003 8510003 8509343 8509343 8509343 8509343 8509343 8509343 8509343 8509343 8509343 8509343 8509343 8509343 8509343 8509343 8509343 8509343 8509343 8509343 8505163 8505163 8505163 8504023 8504023 8504023 8503687 8503687 8503687 8503687 8503687 8503687 8503687 8503687 8503687 8502875 8502875 8502875 8502875 8502875 8502875 8502875 8502875 8502875 8502399 8502399 8502399 8502225 8502225 8502225 8496835 8496835 8496835 8496835 8496835 8496835 8496835 8496835 8496835 8496359 8496359 8496359 8489841 8486501 8485721 8484345 8484345 8484345 8484005 8484005 
8484005
