874
115959178 875509923
107825420 108502040
563797067 967559133
647994849 298947122
808478958 270968517
715804353 912177647
229706905 850950818
757216187 106058001
551289166 506915773
430002869 555888674
177303784 463536339
95110702 749061810
848927849 446641495
927384287 704265673
310119015 607498287
498388104 7374960
905311032 126650810
843489248 961598515
663237178 984376348
276795677 179480302
312319527 502130153
847929912 124165848
985491567 382204856
590351314 727445485
362071676 254195573
830385024 516054877
399398489 612093470
375654062 503818193
948751252 431909185
603315363 323586146
133785538 972983588
708949768 319819035
407918212 985371724
684746237 641402359
220492623 952436863
978374715 426629360
846333470 877568389
866827115 905030325
139904384 22832533
321530447 794075841
184781848 243495619
252444160 383343464
510153449 958926126
308457914 703831791
197461190 172966853
581524145 167971431
243708712 490388789
623367137 879624906
117386756 169094745
478514101 56870133
756762529 680401500
344364226 458411255
951591953 458272471
841049130 599694808
648257543 862754472
722070405 471503264
518425406 697828728
724098633 177212418
753137248 972704415
994859831 324261081
279458074 544825119
561661117 788467023
739335296 214161239
769451083 544314648
204885739 716739957
674422101 815226324
754005187 670487242
743174500 233707141
760638812 519351365
752257321 837123060
991949023 948180035
764019690 589468438
646221279 930588952
862100108 787272922
896130088 445999954
250305673 622308352
766408974 786485821
160263490 274322682
421845827 475165311
442981944 731359301
398072956 885509952
24401649 480792229
438234357 532703793
83404004 200041603
809144431 732176769
10904386 274723437
733461377 329703793
529520548 666614139
59061459 859376244
620609355 163415704
998472318 164910205
1225757 820847958
561478722 924724794
903881532 373443215
94174980 631793166
657030990 445331772
480256320 78433581
385539797 552523316
695037140 876168877
461143428 798153040
572721438 88862398
909628313 307821864
870247121 778445258
18761151 398707842
228431166 161977355
129647066 99129173
773188104 972433258
259354995 310990745
146991298 679560269
516767063 899043464
60179638 129903084
19303927 242240850
536904431 517371705
486425828 953014719
368332636 743549627
236315167 453487772
824724054 478326677
299566722 418147216
512393602 224512034
234546544 565675641
53701085 469755878
937893426 396399890
911802866 594609089
713385452 791417254
122074131 113200893
795300739 247351144
653110829 242846825
90061520 192789301
450762286 596203395
521276031 490890921
278529020 106632682
250098580 18159132
510131694 942702801
85066923 933092289
593516171 185962257
483813184 827442921
469958511 737945314
627826515 740787882
517923195 462975207
755668410 396138054
15971876 679425478
172771844 412512673
438192762 426222527
668584029 521629206
694989686 775736502
900196870 477923315
259383528 935218716
75645582 668095289
238364188 320000928
640372534 663731874
582094888 652195315
307724812 638965665
585174934 720193263
482648013 102765505
699012361 30252047
625605301 48152539
935507288 426389550
907515636 253985583
774061660 340304465
555762115 911930233
278184567 879779907
973265386 485552626
542814284 817032915
985769666 365369003
980232373 350316401
566423294 397678009
149383938 595221852
564240707 325840202
850766236 399000826
533585187 971983230
377384042 136264562
144231802 719476763
679060838 630223893
512827394 764364677
265228205 759925249
79042505 324943219
489611298 156593316
570892601 615963208
823253094 440346857
124903626 72708497
316248858 6929544
196616626 664824296
751708021 536139197
916157240 152834414
886725451 57905190
901592806 126302692
684214165 134533773
922992344 25390103
331929118 484843239
39909107 537148307
14481579 442168818
797761155 309687552
367198405 154196783
972521067 376967245
175759963 614327787
960921721 759887246
588823194 427881304
512523379 100781489
548011900 519867570
854305808 111020523
105822150 504156651
882499634 766557232
929935528 78490770
248418460 631818776
431951263 49427510
93279761 938281658
548691168 161160356
772028399 673626748
259931006 706567819
530880366 771786937
915430369 323749671
40501774 764999044
949512582 247991168
389994387 435735072
49419895 650414226
411620320 579814196
823531125 199626335
908716928 12154967
400674727 959496601
740596237 784430992
28528927 306813506
597452773 452929231
755964030 538727837
997316077 795921442
73286899 321875843
307706522 505048943
757659340 812573206
44455702 508467265
939029042 392907278
576634060 313319938
454310315 625851893
427484973 682017553
510844401 373401470
493270375 523512240
683862348 101131258
230502089 662253224
794493603 180677606
147835739 549979217
382569384 952368749
790032844 279568654
377794983 759054166
38032882 131168880
760101892 717675329
456306461 277549511
605669992 291769937
93805461 240921565
723666227 403525561
880538299 128565294
702264949 313786322
49433079 883375993
503058313 145655141
988126443 417577926
791849689 866186318
103818935 818407506
418554133 979680412
238780555 321467640
817750164 953181225
772464957 938162459
520325260 987977514
1520752 134944367
212396739 981144283
15998445 280453383
312671094 818401990
470566615 313849332
498438781 317335233
141777998 953751190
272686040 193125376
569694907 815227280
444568301 462044963
672287831 552450436
580746543 379011211
41599627 383228837
305016519 7262696
83170841 263118649
2060355 640354092
403686985 663770952
662841960 857423787
150353422 962198842
579945266 975944756
430929192 418030438
612696261 987547522
658892416 238015042
770849879 874011572
326049105 477174140
393860784 689672206
904083380 670465306
936995578 876038057
87990010 683974282
19822400 446642166
865260512 139332939
208267308 401927963
645598753 134183057
579560513 618944210
399025490 411405717
797555543 945855566
124685895 65795645
944049120 759570773
704884178 861251897
678797682 855589086
474736342 270666366
886576616 450751303
813486140 484301157
571069513 390456280
397677091 284863694
57827922 233387060
307681953 413896400
243386749 241827806
73833009 397568195
343477023 249418908
790150025 748173063
197509431 627686239
596042574 986164796
716308045 789549486
543149984 58274543
345218640 755121356
766159444 895006501
51285103 478195827
914491241 643213145
850816560 392171368
489132168 577357675
181806005 203148802
425629116 502978863
14871019 750665986
510089973 139087148
49191941 506001532
397575466 482872745
25839873 433370949
410747472 168231455
20470004 546875912
599321321 190124742
513615783 984519760
384435766 119504441
43153424 626130389
651305268 529438018
823376736 58799824
97487837 228737885
722846124 301498748
367836980 326570882
768215554 570881964
151360603 445328607
453656662 596359187
785879961 140031936
618345076 83653989
948862705 779541429
180239380 400443254
444445893 392709495
763623318 911670338
221220015 777208239
868154851 425034107
795094808 211468646
849253628 140643715
58068982 995227072
936310465 318750543
197149281 547983287
188392147 757886351
984967502 160850259
14189414 17406523
516657058 362849853
110063857 327571694
150314885 328389326
29675994 922315287
261144547 597054890
913425876 726429220
499924248 111015352
209569652 138109339
192018957 615613723
39585096 185561142
117653741 914080191
660851148 5027981
326977254 840077254
65236655 528714078
425738156 354556427
909799977 317893938
781939489 606417176
867818633 175121657
146720087 608117847
365463350 20755397
294146923 661620884
867055911 641252876
992610385 424870032
372102421 527670224
90676184 275200101
86943584 931973899
161093158 213457303
762469293 538330181
896313912 231144111
825805999 902798812
968564853 827098221
651132377 230135402
831967306 129258236
10724635 234310502
26253249 147805659
926301227 917850446
155369963 124865976
777294405 820664985
602689910 234185503
522754045 945168032
800238871 498675482
573493779 37417875
339416232 748345535
467546312 635680442
645436024 755494737
176050784 266311944
955036826 549799454
99800714 157673955
191078544 538573968
690746352 189311604
692576881 693611811
724623744 47076727
95244611 408263638
443599557 845453528
747943777 581124094
542944796 867575519
889856457 33354999
459553649 185173254
89632109 520218964
175578616 38293603
775430545 904180005
421636464 549212770
487815765 379350887
340359477 185783803
930817447 620957074
932714484 210451958
92716176 854015812
627894238 564975723
72247704 865534920
552703245 745005755
35574736 510140902
724208642 127943373
530229192 328049977
284579753 900373751
812408288 655076034
773734355 870358180
385152976 968118885
862728260 562044851
231698113 876018737
451961557 50663390
183928179 168082727
986251039 760524949
897608244 220464967
728603335 78554515
231631317 572267200
732802938 605142365
354254671 363062189
756871484 576040194
119615983 568057346
986528408 359761515
341129669 858545782
290947514 964845847
384262255 109871915
248292916 228975427
449912599 615027593
859997729 503994499
267481718 752887207
546628780 657055203
104226101 106513931
605522564 387329836
680795437 978470346
522954346 35011574
628149177 226789924
317314074 930283461
288160050 534013781
666960753 335866425
936887062 381886698
782254003 682303680
491741219 225644041
552001746 301498159
534165835 971657181
230264009 361761562
626051453 495493594
630376243 523406039
768596177 169400341
844046786 758016614
736451641 105163459
501737595 814632979
579828151 941808801
74935584 432106519
442201325 143654812
339476599 585797764
463238683 25128501
278654191 650812354
727938150 196887949
498296445 883757187
149931434 245063880
867353606 375936202
122499682 63822785
953731117 110075799
722717268 797002734
728510876 15506467
790214979 326841254
765567101 854003453
220139304 382672853
3949562 662831881
898005456 641953853
506028802 869397047
982502092 296251852
732671335 380748866
942269371 859738880
318094520 554296108
870817848 707015356
953724815 362777188
45491066 192418402
248142695 229659143
91422627 338884304
630809121 210286592
690505759 400145783
486729139 562761262
123246132 351800159
734005149 715205031
431198534 813870425
90745142 397573474
182635339 838279015
648559637 657528399
679240713 656701045
479345634 795453847
204215787 920522117
15324115 217615246
220625119 120199067
440006267 659983721
381023148 409308160
692635679 867451115
873615717 662948357
32078838 157542441
549693328 744113608
234369941 978227087
637301477 668813199
660842838 823995868
700806217 125839535
110078495 232676195
252654583 874124950
931232843 706429882
464136687 476224288
835870206 181968839
34460716 981917975
621646166 52482050
877473043 684992694
313925768 76251623
633165955 609763005
171028263 256978138
744575042 647813610
741581310 982787167
715522968 104527102
797310090 133828879
177068816 17971982
556624882 764338621
690533646 251237208
714077244 34629884
557140798 109029089
87802657 232052296
385186154 211922439
144489612 207222571
174112052 104809671
649792402 358409929
379382322 384482647
284332266 979570439
128487881 657166797
515414555 279150712
310020706 787392305
510334002 939198674
860108532 504086190
974531546 717127802
343433181 440443373
798997402 260481204
883233433 524323883
196594208 256369897
212089181 968852152
659266926 471721156
108065239 159819303
594772982 913356107
753664795 991047103
857871025 232384109
33776156 863902787
607882381 492639136
214372676 504226981
389612568 560982497
572764731 42200116
469055493 317791669
341431398 757937267
457144865 190453164
512216786 807355784
274522339 336546498
103870033 801747427
452297244 529736220
185883228 394780950
559348066 978497736
794300422 928472509
459746766 282107230
304492108 611470676
686733995 7541584
172659696 669395264
216180120 423492933
690092509 332715262
788313058 893042317
407563111 213977557
396523209 84913961
791902523 884755862
956899917 791722235
786398798 344137784
39555413 903384999
565265251 158054969
54291199 398782765
468441433 620098817
104390054 156227660
820681885 322396818
841323035 937324947
245916238 525185736
868344698 663972803
721034843 359483349
969765086 323580197
4528834 368763884
295746545 374029719
729160915 465600327
755706821 530841333
239115192 656928798
995379325 163823727
746461927 468718476
153033934 442037079
12844519 666413175
106973137 660970924
49006940 707156744
642565175 488233267
690684021 360267555
676433865 64976753
25167396 966965154
550976721 601817814
621181060 97067566
172236522 601764315
389242761 842369581
665576024 56378693
303375334 756215120
822868707 489324031
196989131 249426949
642744541 959899928
134411942 265653518
17297489 889621140
786379159 813111398
723906681 289618678
347483959 981284755
310460513 105640872
52036536 82529638
317757596 117253199
330001250 787536572
167457408 950017746
671724128 118216134
404652757 534226565
635419533 906148836
271691402 453850258
207355636 566082646
48185455 959721109
649850265 141415106
890348879 500928661
784008560 842914767
469675484 519421406
151027721 448737323
469934856 787280835
506739009 907199500
44111314 776659281
90054628 26182215
345761557 860905315
915183303 303432925
249381458 161063619
662544669 90509185
292104486 540348183
983538392 714318919
559121737 440393748
772156327 647926884
350220330 684593228
352942651 984341717
155417887 766158753
630208982 266266851
502421318 623652486
231208548 879196900
718585366 486239184
601530233 273771818
523000569 806316155
169020477 712936389
196928230 714170990
157577679 738241742
931490584 60762443
238266678 639939545
158687912 680078979
793836260 468965316
803074172 821118212
549445008 578934819
21641273 698407227
774795074 381768300
917341913 413989433
377339665 216155846
100400725 154009221
966304388 13649555
465871274 525498128
14347428 185677849
467407182 692388039
624518700 969036714
242376187 944363248
115113644 907960846
704260540 213179984
900775282 454296107
970381777 213511728
702066935 681794740
104000975 225606507
883479599 220514000
9222122 244032569
896034407 505106280
90839172 991218435
890044358 817145476
996872457 543275540
382236278 413672013
390233984 846703242
761050365 718919845
753747691 779628102
974154820 277627872
887138145 183505493
87543717 402774169
373599828 535761533
964817566 982193675
817765719 879790329
574681495 958625085
413136603 522327647
225727999 181551629
180492384 372001534
74731030 491291876
275518589 269470863
616581310 729528827
979621596 23353682
588253151 182526158
341514991 339766045
338596835 848955907
429191125 828410658
801925039 342835375
661829981 742254214
327826331 970643669
271619703 789302307
171581587 42607321
696637748 925589674
650243974 180116588
522487697 384346380
192258498 135185374
242012093 706959172
77470059 950535501
26184155 724523968
468742146 179017485
546398627 6747012
243913561 238833021
949305313 704502328
131389898 799804180
602786059 33975171
889066707 327809611
255518568 803221846
130026990 492196645
504043256 120201286
410249310 470944338
300603148 342295916
332701459 482239552
804222186 951407220
454621554 699939799
664002893 635825218
522862101 208121238
894502744 172444357
810593463 632166858
302232578 512933292
104896587 177421003
280443683 921188901
993305109 339833483
472349065 930674528
920867892 783385936
420252052 43346361
451072491 329243989
107188590 419538533
552368983 482243428
659333932 593815959
356444615 945194979
366305726 942502454
719735273 884133199
835038031 841584003
30190084 109868906
838734613 210227019
114714181 890408836
215086549 422093456
954714020 885206869
887694690 934790222
808901016 227507047
375129792 975220259
568374159 761238031
748152480 55545217
956327364 9599677
956858826 155770708
313291013 803327904
657484797 887043898
537807223 686158848
530795812 398559817
468072082 300298029
371028518 436881750
378389979 568132137
451488292 37409462
701961625 878923061
470907667 123664770
307200375 508356891
630308243 860166358
883700744 450968925
591956827 963684819
233534478 425950497
131720089 122614579
766845328 51459514
467000676 914622427
481806838 558886750
699733404 139191580
222624515 969887987
222808429 384396353
968281255 520600158
232350834 962889793
321410412 551809456
398661454 138586317
271770619 27206900
38028451 454676308
908527325 888349936
414074057 899194247
469265742 210669248
140640997 609644248
456646337 318699697
817326650 971689428
188158648 38802035
293475615 398243797
259907099 443915821
831884871 690202003
388735053 637710704
960151662 974239644
192670560 211230284
788410594 672153418
965075093 270452032
416519658 558179775
619448808 742984403
434716294 694415145
982661237 9216026
122717212 944613227
744352469 830357974
404232074 481944164
941330792 993637225
648164692 628007120
910283649 254276663
45353100 939108142
819567564 261622386
302263730 183335302
871666396 386612371
822923098 365274347
822249594 770867814
710257229 936246776
851152571 874180263
504632959 609998477
663893626 9589582
478085505 170483474
721074868 715451717
639300813 770341442
693977649 677754185
397229795 310390231
10609901 204977533
894175335 880467472
844354434 97290734
519065607 90542203
986943039 742854861
58131947 814105404
234698652 500466747
371243327 328609300
98225302 693902236
483252391 491078928
250250936 518756203
30208099 48054064
300250049 565704934
32281867 162124401
419777156 687898592
630865665 900554144
96208343 471808322
212909640 679355825
145038406 187741657
