18834132808594
290470300443313
777900170959745
485088598956156
856963759706946
107866264514447
325436241145526
119915624712442
663048784825770
184640366385991
896672674361695
569852707042972
595856580119463
49172482749260
951425391657327
660436524799894
879212797198250
33618572357845
912641995574708
216502181714183
842685555603431
251371455954278
288361647145123
700973428763962
971786831422603
687766499345721
535414282219629
883520662431937
795983034264813
210195720893234
96242987271549
116939078991421
35068007697704
282760541838314
198464818408752
529257914129937
613408328963154
316957606502366
571325739462620
137942246247006
894509721380048
230122238064280
983439954616535
848534861306485
430984647355356
71058952664459
810531020290086
816088553296590
405989033192953
208016331707180
938049879445691
860002905044209
814931937085609
352306305908611
462503856156610
371360143729811
460751019999707
803920266713456
877832310516382
971515489309245
615059044363652
68233487080171
281024120521362
813779609863792
29200672482003
419781186419492
341856956107321
117439915442765
995413315376891
669497797839539
181311838848182
319874425367554
204826729562956
410612655362028
563046701418571
282021022371508
784112316435723
212763949836305
74401417675309
559615549469935
327960576718989
66243508559403
356274222018834
297522527487436
150986451847076
440062297859974
338404413388712
219211283674260
230054109601126
936988411281072
396880336709449
418605227361914
926268689594659
130814522739026
331429520984166
109821149722039
789537520617800
238143188612457
584420216123450
543726675626089
689270471352287
707912073237618
649613627755433
137185748288518
337014283142485
175093033369319
980557856238538
61381724523818
887485912675569
55048871405796
95641144657553
534286232056463
734156991166640
898798239795762
539950914350061
607608130800690
77813572717562
904124439392730
53765662704664
242740752517815
462734623602970
276132729774941
392782463909607
240968015131661
70386925367984
870690848106565
616503263520751
440908387636452
50476119643910
741101930312416
813875959473583
941844076846034
174860390606848
432405530657522
717867354845084
489768141185797
18107023856927
581969342779136
957455426721360
430454554394753
591434733097658
963059103506670
437316995467983
908487127283206
249450051549960
485758742575145
912079350374464
16330293776747
290441003370293
119240385418727
293031999989392
613601478363185
378096644172028
728749940577027
462542949550041
44859291511058
86608109412462
835441503022008
992927274703065
375033294785132
461648682108188
271195769174876
920855126888568
655637889193748
809585858615026
882377581545872
491828853060880
30659394253392
595802980942051
262967566217602
306332368063416
594105236087638
655433460374669
89303549025617
486179154731697
950406090247047
267103358877475
46599334723259
153167178144095
496908107840912
985530334694034
776120735925739
560533871457201
502922869029705
766514648638697
71261027084808
987682795102557
298347066254568
720705720486922
459262137021100
641536142167210
293290190139367
346509218738459
199736113613301
35590282686382
91943511367227
317706544844343
123943586662672
64308206900190
436599597618606
260925961331212
67803743099109
945546196292324
470521274435099
970458948286238
999242085785197
954045738959080
227114252825753
59345316694898
792454764954524
80306685554628
671712471076128
598818572713787
512120168886095
105651321576029
317023365209685
530462988968276
497378796401541
545251117012791
15453869379251
826144053357166
22394767359837
180091323848111
994927001009064
311931510576773
490799310373763
365559412489343
294031049716764
615439812191245
719747283150590
967328733637705
67909173884994
611734582337198
748967744681796
387812299420082
926371538811996
46824005085299
729541263362211
782351066102916
235593542125405
429823981379180
553149028677887
275796251164918
557297415208940
990701639456711
639988703480054
394984202482268
594499706828779
380094887182829
93647050558071
696062927099015
631000231325109
954492882823398
616835025897064
362162364872839
127145073511068
216903339427075
506874254321009
964451890113814
901263360234195
209656044596337
160964873074846
587166032752944
946993115921373
405026085321287
597014441949386
39298835913837
389103452665091
418039094894310
642830170771458
133238957545564
26432745706840
742237397638766
372215322273759
508629921597736
856800837695419
972994543251834
533193450220860
715320775852183
588997676709221
68905846091776
220410457483133
600491060971222
467475926497661
152933239906107
28855385068110
407654084410900
417245868478769
934508384257442
28445140166070
150381730927691
175044835699578
19920262150147
949409789330467
8234155785586
926185559512162
910569098611359
121032107564319
773673522662139
385018444646336
0
