27065864
290470300443315
175400264919
3109542301026
333460
410715769
1367379164508
4313504
27941373472
5956140851193
2329019933453
2719079
708942201
471633912
535743753
294050101214
3516851188828
6723714471575
32594356984822
276433
44351871347569
171810832
33556037
5390342
439834173
1163733501631
347897519395
883520662431939
1016828395
105097860446620
60525119
295731711
166112142
8210164
20367900282
1033742303
1108530
269638
28566286973140
22990374374506
568791823
11896979
15129845455657
30932855
212816364
215025805
28134846
3337992
1570490847
193141
1295209693
1669091
70258811655
352306305908613
24719609372
371360143729813
578106675829
283335
33762781173722
111861311615
30982221388
180845
641607581178
834485
294956287717
1980099935998
4027799
103471291371
4569408333
35236726202101
56900988
41044784
3635166
119225509811
2858105083541
1690460
23760979285945
1279363
1110468920595
2046988077
287817699
19592874581
8482719571890
1031574864
9118410
10936466
312213250
405946821666
1185845925878
163730358
1124631
12311918451840
107756061
1739694178
338776826
10328331849
9844608090
107394235
1669772046106
219510166235
4171033
846019716
12042283
179093666558
6165515
13468694874577
357343976
30690862261912
725328819
217944
8694649514335
4442427901
71222664
1721835708468
389387823
25947608
159268
381487105338
192059
2872901
8417948870
1014943
71682369
33988051
4399182835507
65786995331
9385245
36742365636378
174055585018
1362319724888
813875959473585
10911154
32333717
1194490416364
1977132
14260499
18107023856929
731677921
11237923
866105743327
217279477152
32101970116900
8844888265
402108
8771099197
27128271
335639
16330293776749
118113464587
119240385418729
43649555
30783255
1196508367716
242916646859013
1021066113951
315910503672
9537082
180716625
873554159
93758323696287
43847956
1822306
1610992167
22998389662
167338953968
55148598846625
1797668
16786600
5237696273
10130514800
74642390008
9188428772
120064748347
1968423
1165791207
205534089
354596061
428530189
10244425
364264
718042
776120735925741
24980511
2230551
1319302321327
89976044356
645003
12431127760617
970598
2191895
16019420
293290190139369
454140522709
1168047448059
2122754
138677996085
223697
33530112
1178166
956839700
6227694
1689959
20213304
1892864221
1465642
999242085785199
51236682
227114252825755
2506092
365513914
232392
2063408060
2484724368349
37591417
2221827
3613415
3727151404
24915731
263009
15453869379253
41011058
13255179
1361433
732687
264891
490799310373765
365559412489345
386211036
537502019615
1262254
193465746727547
2334130302
5631154078
1674534
54148607244
4861021386
22941697909
1016901781
8095863296
47118708425087
18114508
2079553
737423131496
1057853119
307993
14939764254
368368
11216975600597
181602908467
293373921
423138557589
16922795715
419741813412
5931106018262
86579575769
151321
4822753949
1323431473807
915039744006
2861153524589
2873954007
80482436537426
3324327
855459002707
9473593
6065428
23518154907
389103452665093
229346
943266
137412221
312954
1626234936
4086551577
3739925894126
21526037477
248339598222
154975688
151983137
3485193353335
806036
5125824592675
39026222
36101315475
178781433
23459662728
2969077106
1631412991
240189042
948171338880
308792055781
430165080
91986333
41278686492653
1168346
153698234414
391743257
385721
720549
6015913197615
