4635940
232743495482
15539938936273
189218943859756
144162091213
137565530893
8454657
120425031294
2070556020345
155648
32873348398
51555900667
498552517
897912608
63926614
109308220
158908941
124121063661265
35278667
334527
684476348
32873179447712
2615189750
51053551948
29664415
2034188
6361852776855
11460971
22943826897191
29687031702
1022961
274962
139953749
16919214526264
59096895993
66299937639
951953
220551528708
160850209960
14695397
3249152065
1728728028
968311
164355380
10722164623345
13678154904591
10493864
4472539831
57772252765
24083260146
116386864428603
5108978
77841516311
13069601245855
5373399634852
1749140
336721
403649129
496281006516412
235209
32407997
1299150882279
94917508777
1598948
13553759
5679669
242207365
32421588418087
487176
496809028015060
2911401483
262141083
1912599329570
888100238478
54135552606
1185631542
1515127
9195037
9055122
307348
79334311091
10630875
14328123
2184356
435305034178
153534235556207
5756670727463
13823255280072
15392548322783
53694210070266
2232898
14632936
1419275
1786097715
14952415
29250689
183109819369
110263169421
12614238058
608002
63669049388
85896848
1457498626857
1120413179153
540537366047
1112555
66708165149522
41734850345
59159954289
2213787145
1099122175
4362223354034
332086
70437605
6428464134
9023739735
1860332984609
2868672950
68606402
3574294
328835448981
1740562460
1789741416949
35279184081
4025722011587
270685441
61910357231
1716270472
79382906
467219695
8056876194
2434292712289
6469449
1508018246
130578235
227032755716
15200367
5566954115606
100520554
3854181052257
24547855
1115460
181037876157
4767860459139
857938883429
1233394469
2607152466
9363641462
36871056
18815309041
240740175198952
452722
37660555819
79130749507
764951178554
16156004012438
139596047
313052658291
179337
1280402246
347896
31848358
2047430826123
5426236127
33947168198901
183488379951
3855282
185896641
44283509639
3679739935655
168677797565
227700
266131
184713257258
1626261684
138915202193
3663390389
850290638531709
1778325180
2303141
10563613020
496116566
159078977
86485810
274392129954
5585271
10856001243
8063519003118
3194219001970
116948883435531
365551
2431624
929798649186
3318310
16056355146
8069860890015
10930101
254447
32400160055
338387574392335
133364265401
242641
17523288524129
342300163109
191639819
7231676
7933642405019
87053943697877
127139474858
39318301227165
2251830149
223965
232599
243714709666
18857046
14777904964
726128984845069
835547
103726764402
886568481
12239741455961
2942389192549
558669266019219
12783818
165210273
952693991
433886634966
187394
19151610274
784883
31501087
3687416311387
521699985415
2929739
2907296375
4149048
842893184868235
129728
103833175
522156
47425401
173137342
36247501
305267
21966754
15041092
26027095392
633315555942
3397915
33965275
1697532486897
5767253
1867566355
27988665
4390581221
16195445805550
1321525
794347298587
584447008
199737784
361458
637385404439
598029048985
234839
161844
12701522
6187830671
18414164
3175094437262
305721104
161215155056399
135955976165605
139808
11079951360018
71222020950
141160076
1141981
238601252808
204501018820183
2213879601
41813253
796288915
5733965
277249712494
507365003373
120112172471
10142141796
15085154
71956930216565
8147820774
32866514283133
483159
3497611
33792925184435
220346194144
175278970903
114852255101
1414453
103855241567
9553158895
