10
100
13 21 81 32 88 12 47 92 98 66 36 35 95 87 55 30 80 59 70 10 50 37 62 76 23 7 71 58 15 22 53 96 94 20 33 97 24 49 68 43 61 42 46 28 34 79 44 69 45 4 78 74 8 51 63 99 41 52 54 57 90 56 73 83 26 3 91 2 16 65 17 11 9 29 25 40 14 93 39 27 38 100 67 89 6 18 19 77 85 48 82 84 5 86 75 64 31 1 72 60
100
70 26 46 95 92 78 9 12 56 55 41 67 80 86 48 4 60 28 65 30 38 22 7 47 44 40 59 49 23 91 68 24 10 85 57 6 99 8 16 34 35 73 76 74 66 89 69 20 81 19 5 62 3 63 98 13 97 42 94 61 27 82 37 64 15 58 21 25 51 1 39 50 96 93 83 2 77 53 75 71 14 84 100 45 54 52 11 88 90 72 87 32 31 29 17 79 43 18 36 33
100
64 50 56 83 4 70 13 19 86 84 58 59 41 15 36 71 35 7 78 65 74 73 22 53 85 87 1 60 46 72 39 75 6 63 81 98 68 88 97 37 91 67 31 5 14 28 25 95 48 33 100 80 10 52 43 11 96 99 55 20 8 66 92 90 49 16 42 24 23 29 38 34 47 76 21 82 45 9 61 54 18 57 89 32 94 40 79 62 93 12 51 3 2 17 27 77 69 44 30 26
100
44 26 2 52 41 17 25 59 81 30 13 69 88 60 94 72 39 73 82 76 15 6 14 71 93 34 12 83 96 18 63 98 21 23 29 65 91 24 100 4 32 49 11 95 20 58 9 53 19 8 74 37 35 42 10 86 22 75 64 85 62 97 99 66 68 78 36 47 70 45 84 33 54 77 50 1 57 80 55 51 7 56 5 61 79 28 46 67 92 27 3 90 87 16 43 31 38 89 48 40
100
57 23 59 15 98 44 50 12 83 54 87 3 49 68 85 24 48 46 25 73 67 29 60 100 90 93 91 51 10 76 17 78 47 97 82 35 38 11 80 28 70 99 42 27 79 36 96 74 65 8 92 71 53 1 45 66 40 18 86 52 30 4 13 20 26 16 77 95 89 72 41 63 21 75 88 62 14 2 19 84 69 33 81 39 31 7 32 58 37 34 5 64 9 43 61 56 22 94 6 55
100
64 91 10 16 80 98 19 37 22 52 63 13 99 84 30 32 5 36 7 25 21 69 87 83 39 89 92 70 4 55 14 31 85 34 59 24 45 79 35 76 57 47 3 43 66 23 56 88 78 73 48 71 8 11 28 29 96 15 65 12 58 9 17 41 42 93 40 38 33 77 61 6 67 82 68 46 27 26 44 81 74 75 50 2 54 51 53 97 20 94 60 62 72 1 90 86 49 100 95 18
100
81 71 99 14 95 51 64 24 4 94 38 17 40 93 21 72 78 69 66 43 87 35 8 65 7 89 62 33 96 80 9 56 57 10 48 91 39 26 19 86 12 29 76 1 49 46 73 70 31 77 58 15 100 82 97 55 88 52 68 92 25 41 30 32 23 11 36 83 85 2 74 6 84 44 90 79 18 13 50 98 54 5 67 47 28 60 45 27 16 63 75 61 59 34 20 22 37 53 3 42
100
89 11 83 32 38 10 48 71 43 44 81 86 54 35 62 42 99 72 88 76 34 82 95 51 84 46 47 67 100 74 21 78 91 59 60 69 45 68 94 18 80 2 12 6 3 77 7 90 22 63 65 53 64 36 26 4 15 30 16 57 97 9 92 20 52 29 66 61 98 17 33 19 70 75 24 93 13 85 96 79 50 23 25 55 56 14 5 58 41 49 87 31 1 27 8 40 28 39 73 37
100
12 50 10 35 26 69 76 87 40 16 52 21 96 74 78 22 59 94 95 51 4 66 7 93 42 72 29 46 13 75 63 28 8 79 73 49 57 65 98 55 47 3 88 81 37 32 53 19 62 2 86 71 24 20 18 90 82 45 43 100 58 23 84 67 27 64 34 41 33 14 1 92 97 11 80 5 48 77 99 25 38 83 91 89 39 85 61 56 30 15 36 68 54 70 6 44 31 17 9 60
100
49 80 18 59 43 9 83 62 56 69 87 65 73 98 29 34 97 41 39 22 67 52 4 44 88 92 25 82 6 31 100 91 93 30 60 66 14 42 28 7 13 95 11 3 1 84 86 24 79 35 50 77 85 70 64 17 78 2 21 58 74 32 81 5 46 54 12 8 27 10 75 51 40 72 90 36 89 57 45 15 37 71 53 20 33 38 23 61 47 96 16 55 48 26 94 63 19 68 76 99
