96 40 59 34 56 43 76 6 51 17 83 33 52 8 72 35 60 21 66 45 75 32 70 14 90 46 65 22 94 39 74 4 53 41 85 3 89 27 67 29 71 30 77 37 84 12 79 16 78 47 61 15 98 26 69 2 80 25 73 23 55 24 63 11 87 48 54 49 93 18 92 44 97 36 88 31 95 5 81 38 82 1 68 7 99 42 91 13 57 28 58 10 100 9 62 19 86 50 64 20 
66 37 78 1 57 11 97 45 74 22 81 16 62 6 77 48 71 36 70 34 83 40 98 27 79 30 72 26 89 3 68 39 96 7 73 47 52 46 92 31 86 13 64 12 69 4 67 41 61 42 99 19 100 18 53 44 54 29 56 20 88 9 84 17 93 21 90 38 76 50 82 25 55 2 60 49 63 23 65 15 94 8 51 28 75 24 95 5 58 14 59 33 87 35 91 10 80 43 85 32 
67 29 70 8 98 17 94 41 59 7 69 24 80 44 83 16 84 48 63 20 64 14 90 27 60 6 100 23 76 15 81 13 97 21 61 2 66 5 52 32 57 18 85 49 93 37 88 3 74 34 51 10 95 28 78 46 53 1 71 40 96 19 56 4 73 43 79 39 89 36 82 33 75 12 91 9 77 47 68 26 92 25 58 35 54 31 62 22 55 45 72 50 99 42 87 11 65 30 86 38 
76 41 100 27 78 45 85 23 62 38 92 17 58 22 54 15 79 14 61 12 90 48 91 16 55 35 93 8 53 44 68 1 87 43 84 20 57 42 51 49 83 29 94 3 88 24 96 26 89 47 64 34 82 32 95 6 86 13 67 7 69 2 52 19 66 10 81 30 65 31 60 36 72 11 73 50 70 9 71 28 97 25 98 21 63 39 75 18 56 40 99 4 59 46 77 37 80 5 74 33 
74 38 73 42 51 27 76 43 61 23 58 48 77 15 60 37 78 26 90 12 69 34 72 1 55 6 54 25 97 9 94 8 79 3 62 31 84 44 64 35 67 2 81 36 65 30 52 11 70 45 53 14 75 50 80 16 83 40 59 24 88 47 96 39 89 41 66 4 56 13 82 18 92 10 57 19 95 49 93 7 68 33 63 29 87 46 86 20 85 32 100 17 98 28 71 21 91 5 99 22 
66 6 95 42 58 2 92 31 89 24 67 44 51 10 86 34 98 32 97 38 90 21 56 11 83 7 54 20 99 23 94 35 57 33 70 39 79 14 84 16 72 26 100 28 64 40 73 8 59 18 78 19 96 46 87 36 52 43 65 45 71 47 93 29 81 5 82 30 85 15 68 48 63 12 62 27 88 37 80 13 60 17 76 49 74 25 75 3 91 4 69 22 61 50 55 9 77 1 53 41 
61 14 52 43 55 25 70 39 99 2 82 41 80 3 90 13 62 16 69 29 58 32 97 17 98 6 71 34 54 10 96 21 74 46 78 5 81 38 92 7 95 36 63 50 77 27 66 15 85 12 73 42 51 9 53 22 57 24 67 4 88 31 86 35 89 45 84 8 59 49 65 47 60 28 56 11 93 44 76 1 75 48 68 26 87 20 79 37 94 18 64 19 72 33 91 40 83 23 100 30 
60 45 64 34 83 46 78 13 81 27 65 3 75 33 72 28 52 12 61 9 84 5 56 24 63 26 79 16 51 11 91 7 59 19 73 14 80 15 57 42 66 50 95 48 99 8 97 2 90 17 70 23 71 32 87 49 93 36 92 21 54 47 58 40 76 37 69 18 53 43 85 41 68 10 89 1 94 4 55 6 77 39 88 22 74 44 98 20 82 25 62 35 100 38 96 29 86 30 67 31 
93 28 94 34 89 18 63 7 78 44 73 40 54 14 62 39 68 2 55 27 99 21 97 3 77 15 87 30 92 13 65 36 96 11 64 29 70 22 52 26 75 49 57 10 81 35 72 42 66 50 58 16 90 41 91 5 60 31 76 1 69 38 59 20 88 23 83 33 84 46 100 4 53 47 61 48 74 12 51 37 80 9 56 6 79 8 67 25 86 45 82 19 71 17 98 32 85 43 95 24 
75 9 92 21 80 45 61 19 72 14 58 17 68 2 85 34 52 30 82 40 69 26 99 28 57 5 88 8 98 36 51 6 54 37 71 16 94 29 86 47 95 4 97 49 100 7 59 39 63 33 74 10 60 13 70 42 64 50 90 22 67 35 62 48 78 25 96 46 87 44 66 27 81 11 55 32 56 23 79 43 83 12 73 41 84 31 89 20 77 3 93 24 76 38 53 18 91 15 65 1 
