[[1000000000000000000, 1000000000000000000], [1000000000000000000, 1000000000000000000]]
2 0
{0} set()
[[1000000000000000000, 1000000000000000000], [1000000000000000000, 1000000000000000000]]
1 2
[[1, 1000000000000000000], [1000000000000000000, 1000000000000000000], [1000000000000000000, 1000000000000000000]]
0 9
set() {0, 1}
[[1, 1000000000000000000], [1000000000000000000, 1000000000000000000], [1000000000000000000, 1000000000000000000]]
5 6 9
[[1000000000000000000, 1], [1000000000000000000, 1000000000000000000], [1000000000000000000, 1000000000000000000], [1000000000000000000, 1000000000000000000]]
5 7
{2} {0, 1}
[[1000000000000000000, 1], [1000000000000000000, 1000000000000000000], [1000000000000000000, 1000000000000000000], [1000000000000000000, 1000000000000000000]]
12 11 11 12
[[1000000000000000000, 1000000000000000000], [1000000000000000000, 1000000000000000000], [1000000000000000000, 1000000000000000000], [1000000000000000000, 1000000000000000000], [1000000000000000000, 1000000000000000000]]
10 5
{1, 2, 3} {0}
[[1000000000000000000, 1000000000000000000], [1000000000000000000, 1000000000000000000], [1000000000000000000, 1000000000000000000], [1000000000000000000, 1000000000000000000], [1000000000000000000, 1000000000000000000]]
12 13 13 12 15
