[6, 4, 4, 2]
[4, 2, 2, 2]
[2, 2, 0, 0]
[2, 0, 0, 0]
2
[0, 14, 7, 28]
[0, 7, 7, 21]
[0, 7, 0, 14]
[0, 7, 0, 7]
[0, 7, 0, 0]
7
[2, 42, 10, 3]
[2, 40, 8, 1]
[1, 39, 7, 1]
[1, 38, 6, 0]
[1, 37, 5, 0]
[1, 36, 4, 0]
[1, 35, 3, 0]
[1, 34, 2, 0]
[1, 33, 1, 0]
[1, 32, 0, 0]
[1, 31, 0, 0]
[1, 30, 0, 0]
[1, 29, 0, 0]
[1, 28, 0, 0]
[1, 27, 0, 0]
[1, 26, 0, 0]
[1, 25, 0, 0]
[1, 24, 0, 0]
[1, 23, 0, 0]
[1, 22, 0, 0]
[1, 21, 0, 0]
[1, 20, 0, 0]
[1, 19, 0, 0]
[1, 18, 0, 0]
[1, 17, 0, 0]
[1, 16, 0, 0]
[1, 15, 0, 0]
[1, 14, 0, 0]
[1, 13, 0, 0]
[1, 12, 0, 0]
[1, 11, 0, 0]
[1, 10, 0, 0]
[1, 9, 0, 0]
[1, 8, 0, 0]
[1, 7, 0, 0]
[1, 6, 0, 0]
[1, 5, 0, 0]
[1, 4, 0, 0]
[1, 3, 0, 0]
[1, 2, 0, 0]
[1, 1, 0, 0]
[1, 0, 0, 0]
1
[39, 13, 78, 65]
[26, 13, 65, 52]
[13, 13, 52, 39]
[13, 0, 39, 26]
[13, 0, 26, 13]
[13, 0, 13, 0]
[13, 0, 0, 0]
13
